1	766007
1	777232
1	901559
1	914852
1	920733
1	936487
1	1053385
1	1067143
1	1097335
1	1109104
2	50814
2	90894
2	174489
2	187396
2	209063
2	225258
2	240342
2	301658
2	304478
2	318239
3	105365
3	129283
3	129626
3	149986
3	202154
3	234522
3	240676
3	240872
3	264192
3	271091
4	109596
4	186290
4	217222
4	270058
4	384569
4	414969
4	485981
4	524015
4	562043
4	683842
5	30985
5	37594
5	92341
5	186630
5	284802
5	349256
5	412379
5	412694
5	428642
5	436665
6	206313
6	212001
6	226232
6	231878
6	245466
6	250425
6	250619
6	380341
6	385735
6	393868
7	40852
7	50552
7	51732
7	56674
7	59213
7	59448
7	66541
7	75638
7	79243
7	108863
8	201888
8	202842
8	203231
8	204250
8	247841
8	252095
8	256628
8	281424
8	290044
8	291784
9	177034
9	186614
9	202645
9	215296
9	253056
9	272191
9	273986
9	275049
9	290006
9	292708
10	138704
10	142723
10	200239
10	291999
10	359078
10	415242
10	663443
10	744407
10	758971
10	824777
11	211015
11	247329
11	253990
11	278126
11	304949
11	316299
11	323222
11	327873
11	329159
11	332997
12	193818
12	210957
12	211147
12	219481
12	232401
12	236115
12	239854
12	244019
12	248071
12	250239
13	19487802
13	19494986
13	19520922
13	19538302
13	19541688
13	19590149
13	19621668
13	19645829
13	19652554
13	19659453
14	20215378
14	20446556
14	20453722
14	20475188
14	20483657
14	20529214
14	20540223
14	20540701
14	20545390
14	20562590
15	20151322
15	20178288
15	20178738
15	22759530
15	22779976
15	22790069
15	22843180
15	22883413
15	22900235
15	22914028
16	84870
16	85065
16	115817
16	145884
16	177855
16	178735
16	187676
16	207930
16	231167
16	249270
17	25002
17	27151
17	30159
17	63683
17	65632
17	66050
17	74796
17	79829
17	82935
17	83597
18	101028
18	229038
18	298620
18	316120
18	316409
18	317174
18	317209
18	320449
18	323247
18	325109
19	240554
19	262605
19	281360
19	284522
19	285489
19	288738
19	295746
19	304879
19	318423
19	326818
20	69408
20	82217
20	94952
20	130679
20	144570
20	154710
20	182084
20	212528
20	213255
20	248815
21	14763880
21	14770820
21	15219323
21	15318908
21	15388950
21	15433523
21	15441640
21	15443411
21	15507524
21	15546698
22	17066020
22	17067856
22	17198802
22	17225773
22	17231422
22	17232643
22	17284540
22	17304457
22	17339003
22	17389156
